b.lab[1]	1	500
b.lab[2]	501	1000
b.lab[3]	1001	1500
b.lab[4]	1501	2000
b.lab[5]	2001	2500
b.lab[6]	2501	3000
b.lab[7]	3001	3500
b.lab[8]	3501	4000
b.lab[9]	4001	4500
b.lab[10]	4501	5000
b.lab[11]	5001	5500
b.lab[12]	5501	6000
b.lab[13]	6001	6500
b.lab[14]	6501	7000
b.lab[15]	7001	7500
b.lab[16]	7501	8000
b.lab[17]	8001	8500
b.lab[18]	8501	9000
b.lab[19]	9001	9500
b.lab[20]	9501	10000
beta[1]	10001	10500
beta[2]	10501	11000
beta[3]	11001	11500
beta[4]	11501	12000
beta[5]	12001	12500
beta[6]	12501	13000
beta[7]	13001	13500
beta[8]	13501	14000
beta[9]	14001	14500
beta[10]	14501	15000
beta[11]	15001	15500
beta[12]	15501	16000
beta[13]	16001	16500
beta[14]	16501	17000
beta[15]	17001	17500
beta[16]	17501	18000
beta[17]	18001	18500
beta[18]	18501	19000
beta[19]	19001	19500
beta[20]	19501	20000
sigma	20001	20500
sigma.lab	20501	21000
